5 10
2 80 60 80 70 50
9 60 60 30 40 80
6 50 40 80 40 40
2 30 80 30 50 70
2 40 70 30 80 50
4 70 60 30 70 60
1 50 50 60 70 80
6 80 60 30 30 70
1 50 80 40 60 40
2 80 80 30 70 80
8 50 40 50 30 40
1 60 80 40 70 40
4 70 30 80 40 50
3 30 50 40 70 50
2 80 40 30 40 80
2 70 80 70 30 70
8 40 60 40 30 50
3 60 80 40 30 40
5 60 80 30 40 60
9 60 70 60 80 70
7 50 80 30 40 30
9 80 40 80 70 50
8 70 70 30 50 70
8 80 40 50 80 50
8 60 50 60 40 40
7 30 70 40 40 30
8 60 60 50 30 80
6 30 60 50 80 30
4 40 70 30 70 40
7 50 60 30 70 80
1 30 80 50 40 40
1 70 70 40 50 60
5 80 70 30 70 70
8 50 70 70 60 40
3 70 30 70 30 50
8 70 60 80 40 30
3 70 30 40 70 60
1 70 80 80 60 80
9 80 70 50 40 80
6 60 60 80 60 50
4 40 50 60 80 80
7 70 50 30 70 50
1 40 70 40 60 50
4 80 30 30 50 30
5 50 50 50 70 50
10 50 30 50 60 70
4 30 70 30 40 70
10 70 60 70 60 60
9 60 70 80 70 40
10 60 40 30 70 60
6 40 80 80 60 60
4 80 30 80 40 40
4 40 80 60 30 80
5 70 60 30 30 30
1 50 60 60 50 70
10 60 80 80 80 80
8 50 60 30 60 70
4 50 50 60 50 70
6 30 60 50 60 40
8 70 70 30 40 80
6 80 50 40 70 70
1 40 70 60 70 80
6 70 40 70 50 60
7 70 30 70 30 70
10 30 50 50 80 70
4 50 30 50 40 70
1 50 60 60 30 30
5 30 70 40 80 60
2 70 60 30 70 60
7 40 40 70 80 60
10 30 70 50 30 30
3 30 80 80 70 60
6 80 50 70 70 70
9 70 70 70 70 70
6 60 60 30 50 80
6 40 40 80 50 30
3 70 80 40 60 60
4 50 40 40 60 60
4 60 40 80 40 80
5 40 50 60 30 60
6 40 80 70 60 30
2 50 70 70 80 60
8 40 80 50 40 70
1 60 70 70 50 70
6 60 50 70 40 40
9 40 60 80 70 60
1 70 30 40 30 40
1 60 30 50 80 40
3 50 30 30 40 30
7 60 80 50 40 60
2 60 40 80 50 30
4 80 60 80 80 40
5 80 40 50 70 50
2 50 30 30 50 70
4 80 60 60 60 50
3 30 60 60 60 80
7 70 50 60 70 70
9 80 30 60 60 40
1 40 50 30 30 60
5 60 50 60 40 50
3 30 40 70 60 40
1 60 30 50 30 60
5 60 60 80 60 80
7 70 50 40 30 40
7 60 60 50 60 50
9 40 50 50 60 50
6 60 50 50 50 60
1 60 30 50 50 40
4 50 80 60 70 30
4 60 60 80 60 40
1 60 40 80 50 30
7 70 40 30 70 70
2 50 70 30 80 70
10 60 60 30 40 40
5 60 70 60 80 80
7 40 60 60 70 50
2 80 80 50 40 50
2 50 40 50 30 30
2 70 50 50 50 50
4 80 80 40 80 60
1 40 40 30 80 50
3 80 60 70 40 70
4 50 80 40 70 60
3 40 30 50 50 40
5 30 70 70 50 60
3 40 50 60 60 70
5 30 60 60 60 50
3 60 50 80 30 80
1 50 50 80 80 50
7 80 50 70 80 50
7 50 80 40 50 80
2 50 50 60 70 80
9 30 60 70 40 40
9 60 80 30 50 70
7 50 50 30 30 70
2 60 40 40 50 80
1 40 80 80 60 30
2 40 30 40 50 80
1 80 40 30 70 80
5 40 80 80 60 60
3 40 60 40 80 50
8 30 80 40 30 60
4 40 50 60 30 30
4 70 50 30 60 60
7 30 80 60 40 40
9 70 70 50 40 60
1 40 80 70 50 80
7 50 40 40 40 50
6 30 70 80 70 70
3 30 30 80 30 70
1 70 40 70 30 80
2 70 70 30 60 30
10 60 50 80 60 30
1 50 70 80 50 30
4 80 80 60 80 80
8 60 60 80 50 70
9 60 60 40 70 80
1 70 70 40 40 80
5 40 80 40 80 30
1 50 50 40 70 70
3 60 40 40 40 80
9 80 60 50 60 40
3 40 60 60 40 40
2 70 50 70 30 70
7 80 30 80 60 70
2 30 80 60 50 80
4 40 70 50 80 30
3 70 50 30 70 70
2 80 50 40 80 80
8 30 70 80 70 30
6 40 40 50 60 30
1 80 30 80 80 60
2 70 30 30 30 70
2 70 50 80 30 50
2 50 80 30 40 50
2 80 30 80 40 60
4 80 40 50 80 40
1 40 60 60 40 80
6 50 60 30 70 60
5 80 80 40 70 30
5 60 30 80 40 30
10 50 70 50 30 50
7 80 60 30 30 30
3 70 50 70 70 30
6 30 50 30 30 30
5 70 50 40 70 70
3 60 60 60 80 50
3 60 60 70 70 50
3 70 50 30 50 50
10 80 70 70 70 50
2 40 70 70 50 30
7 60 80 80 80 30
6 60 50 40 70 40
9 70 70 80 30 40
2 30 50 30 80 40
6 80 80 60 40 70
3 40 70 50 70 70
4 80 70 80 40 80
8 30 80 60 70 80
2 80 40 80 50 40
7 70 70 60 60 70
7 40 40 30 70 50
1 50 30 80 50 80
10 30 50 80 40 50
5 70 70 80 70 70
1 40 60 40 70 60
10 30 60 40 80 50
5 70 70 40 40 60
1 50 30 50 50 30
10 30 70 60 50 40
7 60 30 60 40 60
6 50 30 70 30 80
7 50 50 40 30 60
8 80 30 30 30 80
6 80 30 50 60 70
3 40 40 80 30 60
2 30 80 40 50 60
10 40 70 40 50 30
5 60 30 40 30 70
8 80 80 70 40 30
1 50 60 80 70 70
8 80 50 70 50 40
3 70 70 50 60 70
9 70 50 30 30 30
3 80 80 50 60 50
7 60 70 40 80 50
6 70 70 50 70 70
2 50 40 30 80 80
5 50 80 50 60 60
9 40 50 70 60 30
7 50 60 80 70 60
6 30 80 80 60 60
8 50 80 60 30 80
3 60 50 50 60 80
5 70 70 40 60 50
10 50 40 60 30 30
4 80 30 60 40 30
10 50 40 30 50 30
10 40 60 80 60 40
1 60 70 40 40 40
6 30 70 60 80 30
1 30 80 60 30 30
8 70 60 30 40 80
4 30 80 50 60 80
2 30 50 70 40 70
6 60 80 50 30 50
2 80 80 60 40 30
6 40 80 30 80 30
9 40 80 50 70 60
10 40 50 70 70 60
7 80 60 80 40 60
6 50 80 50 50 40
6 60 60 70 50 50
2 80 70 60 70 30
9 80 30 40 30 40
7 30 70 60 30 80
2 40 40 60 70 80
9 80 30 80 70 70
8 70 50 80 60 70
4 80 60 60 70 50
8 30 40 30 80 30
2 70 50 60 60 40
4 50 70 50 40 40
9 30 80 40 40 40
8 50 80 50 60 40
5 60 50 40 50 60
9 60 60 40 50 60
3 40 50 70 70 60
8 30 80 70 40 40
4 40 60 50 80 60
5 40 30 70 50 50
4 30 30 60 70 50
8 50 30 80 70 80
6 40 60 70 80 30
5 40 70 60 30 50
1 50 80 80 50 40
5 60 40 40 80 60
1 60 40 40 50 70
4 80 30 40 80 40
9 70 60 60 70 40
7 60 50 60 30 60
9 50 40 50 40 30
9 70 30 30 70 30
4 60 80 30 80 50
1 70 60 80 40 40
3 60 80 60 70 30
1 30 80 60 50 40
4 70 60 70 40 70
4 60 30 40 60 80
9 40 50 70 80 50
1 60 50 30 70 50
10 60 40 40 50 50
8 30 30 80 60 80
3 80 30 50 70 60
6 50 60 60 70 80
7 80 30 30 70 40
9 60 50 60 40 40
10 80 30 60 40 60
5 80 60 80 50 40
9 60 60 30 30 80
6 30 70 80 70 60
3 40 60 50 60 80
5 30 80 80 60 30
2 30 70 60 80 80
4 80 80 40 30 80
10 60 50 60 60 60
10 80 50 70 60 60
9 80 70 70 80 30
1 60 80 60 30 30
10 40 50 30 40 30
6 50 70 40 70 30
1 50 40 40 80 70
7 70 80 70 30 30
2 50 30 30 80 30
10 60 40 80 70 30
7 40 80 30 70 50
8 40 30 40 40 60
1 70 30 70 40 50
5 70 50 30 30 30
6 40 60 30 40 70
8 60 50 50 80 80
2 70 40 60 60 40
5 50 80 70 30 60
4 50 40 30 60 50
9 60 60 30 80 30
2 80 70 80 30 40
2 50 60 60 60 60
8 60 80 70 30 40
8 40 80 40 40 70
9 70 30 80 50 70
6 30 40 70 80 60
3 40 60 30 70 50
8 80 80 30 70 30
6 50 60 60 80 80
10 30 60 70 80 40
7 40 40 60 50 30
10 80 50 30 30 70
9 60 70 50 70 50
2 30 60 60 60 80
3 60 30 30 40 80
9 40 30 80 40 80
6 60 80 70 40 70
6 80 70 70 40 60
4 50 80 40 30 60
8 30 50 80 70 80
1 40 70 60 80 30
2 60 50 30 70 30
8 70 40 70 50 60
10 50 80 50 60 80
1 80 40 30 70 50
2 60 70 30 80 60
3 60 70 40 50 30
2 70 30 70 50 30
5 30 30 80 80 60
2 60 40 30 30 50
7 80 80 40 30 50
10 40 80 40 40 40
9 60 30 50 60 50
2 30 40 60 60 60
9 80 30 60 40 50
2 50 70 80 40 50
8 40 30 70 70 50
10 60 30 60 70 30
6 70 40 60 50 40
7 80 70 80 70 70
7 70 30 40 40 40
7 30 80 30 30 60
5 30 80 30 40 40
4 30 70 40 30 40
9 30 50 40 80 40
1 60 70 70 80 40
6 30 70 70 80 30
2 40 40 30 80 40
7 40 60 50 30 40
5 30 80 50 60 80
4 70 80 80 80 70
10 70 60 30 50 40
10 70 80 30 60 40
7 70 40 80 40 30
10 80 60 50 40 60
2 80 80 70 30 40
8 40 80 60 50 30
1 30 80 70 60 50
3 70 60 80 80 80
9 60 70 40 80 50
9 30 30 60 40 50
4 30 80 60 60 80
7 40 60 60 30 70
8 50 80 60 40 50
7 70 70 50 50 50
6 70 30 30 30 60
6 70 60 80 30 30
9 30 30 30 80 40
4 50 40 40 60 30
1 40 40 70 80 70
7 80 70 40 80 30
1 70 70 70 40 50
7 70 50 60 40 50
4 50 70 40 60 50
8 80 60 50 70 80
5 40 80 60 30 60
3 60 30 30 60 60
6 80 40 70 80 30
1 50 80 70 60 80
10 30 50 40 80 80
5 30 50 50 50 70
6 40 80 30 80 50
2 80 50 30 30 40
