5 10
2 40 30 40 70 60
3 50 50 80 60 40
3 50 80 30 30 80
2 60 50 40 80 70
1 30 40 80 80 30
3 70 50 80 30 30
3 40 40 70 40 80
6 30 80 70 40 40
1 70 60 50 70 70
8 30 50 70 40 80
10 80 80 70 40 60
5 60 50 30 70 30
8 80 70 60 60 50
7 50 40 50 30 80
9 70 50 60 30 50
8 30 40 40 40 70
3 40 30 50 80 50
10 80 40 80 30 70
4 40 70 60 50 60
2 50 80 80 30 40
2 70 70 50 60 50
4 40 30 60 80 50
4 50 60 40 60 50
9 40 30 70 80 30
1 40 30 40 70 50
8 50 60 30 30 40
3 30 50 70 70 70
4 30 80 40 70 40
9 60 30 30 30 70
6 30 30 60 50 80
7 40 70 40 30 40
4 70 40 80 80 80
8 70 80 60 60 80
2 70 60 80 50 50
1 60 50 50 50 60
3 70 70 80 40 60
5 50 50 50 70 50
8 60 50 40 70 50
8 70 50 40 40 50
6 50 50 30 30 30
10 80 50 70 60 50
4 60 40 80 60 60
6 80 60 50 40 40
9 50 50 40 40 50
10 40 30 30 30 80
8 80 40 30 60 80
7 40 30 60 80 50
2 30 30 80 80 30
10 60 70 70 40 50
5 40 40 80 80 50
10 40 30 40 60 50
2 30 50 30 30 50
3 50 40 60 70 30
4 40 40 70 50 80
2 60 80 50 70 70
2 80 70 50 50 80
8 40 70 40 80 60
8 70 40 80 80 40
4 80 30 60 70 50
9 40 70 30 40 60
4 70 30 60 60 30
6 30 60 60 30 40
5 50 30 40 80 80
8 40 80 60 40 30
8 30 80 30 70 40
1 40 30 40 60 80
2 70 80 60 30 50
4 70 50 60 70 50
1 80 30 70 50 30
4 50 50 60 50 80
4 60 50 30 40 70
4 70 50 60 60 40
2 30 70 40 50 60
6 30 40 60 80 40
5 70 60 60 70 40
5 40 40 40 80 70
6 40 40 60 80 50
6 60 50 80 70 40
6 60 30 80 50 40
8 50 50 70 70 30
3 60 30 30 40 80
5 60 40 50 80 60
9 50 80 50 40 30
10 30 50 80 70 60
5 50 70 40 60 60
7 80 50 60 70 60
2 60 40 60 80 60
4 60 40 70 50 80
4 80 60 30 80 30
4 30 30 40 80 30
7 80 60 60 70 40
2 50 60 30 70 70
2 40 70 60 30 80
4 30 80 30 70 80
5 70 30 40 40 70
1 40 80 50 60 70
9 60 50 80 50 70
7 60 70 50 70 60
7 40 50 40 30 40
8 70 60 80 60 80
2 30 30 40 50 30
9 30 50 40 50 50
9 70 80 30 80 80
8 70 60 50 50 60
3 60 30 80 30 70
5 60 30 50 50 60
7 30 70 80 70 60
7 70 80 60 80 80
6 60 70 60 80 40
6 30 50 60 70 80
2 60 80 30 60 30
4 60 70 30 70 80
1 40 50 30 60 60
10 50 30 40 30 60
10 70 60 70 70 80
3 50 50 50 60 50
3 80 70 70 30 80
2 30 40 60 30 70
9 40 50 80 80 30
7 30 50 70 70 30
5 30 60 30 70 30
7 40 80 30 60 70
8 30 40 70 40 60
8 40 60 80 40 50
5 80 50 40 40 80
8 50 40 30 40 30
10 70 60 60 70 80
6 70 70 80 30 70
7 50 50 30 60 80
3 70 40 50 30 70
2 40 40 60 40 80
9 60 80 80 60 60
6 50 30 50 60 70
10 50 60 70 40 70
3 60 30 70 30 70
4 40 80 40 30 80
2 80 30 50 50 70
7 30 40 40 50 50
2 30 60 40 50 50
4 70 50 70 50 80
8 30 80 60 30 30
3 70 40 80 30 40
2 30 40 40 70 30
5 30 80 60 40 30
3 80 30 40 40 40
4 60 70 40 40 50
4 80 60 40 50 40
3 80 80 40 70 60
3 60 30 60 40 80
6 50 30 40 80 40
4 80 60 60 80 60
5 80 80 80 50 60
1 40 70 60 40 60
8 60 60 80 60 40
1 80 40 60 70 30
5 60 80 60 80 30
4 60 80 80 30 60
5 40 80 70 40 30
8 70 30 80 80 60
6 40 60 40 60 30
9 50 30 50 70 80
7 30 30 60 30 70
3 50 40 40 70 70
1 40 40 40 80 70
4 60 80 50 40 40
6 30 60 60 80 30
7 40 80 40 80 60
3 30 50 30 70 60
7 40 80 50 50 60
7 60 40 30 40 50
7 80 60 80 80 80
5 30 80 80 80 30
7 40 80 30 60 40
9 60 40 50 70 60
4 50 60 30 60 50
7 60 80 60 80 50
5 30 30 30 60 80
4 30 50 70 50 70
6 60 60 30 60 50
6 60 70 80 30 70
4 30 40 80 30 30
2 40 40 40 40 80
4 80 80 60 70 80
1 40 70 40 30 60
1 60 60 80 30 40
7 60 70 80 80 40
3 30 70 60 50 70
4 50 70 70 50 60
8 50 60 80 30 80
4 60 40 40 30 40
9 50 40 60 80 80
7 30 30 30 40 80
5 30 50 40 30 60
5 60 60 60 80 30
3 60 40 80 80 50
9 40 80 50 50 70
7 50 50 70 70 80
10 40 50 30 40 50
7 80 30 30 30 30
6 50 40 70 50 60
2 40 30 40 70 60
3 50 50 80 60 40
3 50 80 30 30 80
2 60 50 40 80 70
1 30 40 80 80 30
3 70 50 80 30 30
3 40 40 70 40 80
6 30 80 70 40 40
1 70 60 50 70 70
8 30 50 70 40 80
10 80 80 70 40 60
5 60 50 30 70 30
8 80 70 60 60 50
7 50 40 50 30 80
9 70 50 60 30 50
8 30 40 40 40 70
3 40 30 50 80 50
10 80 40 80 30 70
4 40 70 60 50 60
2 50 80 80 30 40
2 70 70 50 60 50
4 40 30 60 80 50
4 50 60 40 60 50
9 40 30 70 80 30
1 40 30 40 70 50
8 50 60 30 30 40
3 30 50 70 70 70
4 30 80 40 70 40
9 60 30 30 30 70
6 30 30 60 50 80
7 40 70 40 30 40
4 70 40 80 80 80
8 70 80 60 60 80
2 70 60 80 50 50
1 60 50 50 50 60
3 70 70 80 40 60
5 50 50 50 70 50
8 60 50 40 70 50
8 70 50 40 40 50
6 50 50 30 30 30
10 80 50 70 60 50
4 60 40 80 60 60
6 80 60 50 40 40
9 50 50 40 40 50
10 40 30 30 30 80
8 80 40 30 60 80
7 40 30 60 80 50
2 30 30 80 80 30
10 60 70 70 40 50
5 40 40 80 80 50
10 40 30 40 60 50
2 30 50 30 30 50
3 50 40 60 70 30
4 40 40 70 50 80
2 60 80 50 70 70
2 80 70 50 50 80
8 40 70 40 80 60
8 70 40 80 80 40
4 80 30 60 70 50
9 40 70 30 40 60
4 70 30 60 60 30
6 30 60 60 30 40
5 50 30 40 80 80
8 40 80 60 40 30
8 30 80 30 70 40
1 40 30 40 60 80
2 70 80 60 30 50
4 70 50 60 70 50
1 80 30 70 50 30
4 50 50 60 50 80
4 60 50 30 40 70
4 70 50 60 60 40
2 30 70 40 50 60
6 30 40 60 80 40
5 70 60 60 70 40
5 40 40 40 80 70
6 40 40 60 80 50
6 60 50 80 70 40
6 60 30 80 50 40
8 50 50 70 70 30
3 60 30 30 40 80
5 60 40 50 80 60
9 50 80 50 40 30
10 30 50 80 70 60
5 50 70 40 60 60
7 80 50 60 70 60
2 60 40 60 80 60
4 60 40 70 50 80
4 80 60 30 80 30
4 30 30 40 80 30
7 80 60 60 70 40
2 50 60 30 70 70
2 40 70 60 30 80
4 30 80 30 70 80
5 70 30 40 40 70
1 40 80 50 60 70
9 60 50 80 50 70
7 60 70 50 70 60
7 40 50 40 30 40
8 70 60 80 60 80
2 30 30 40 50 30
9 30 50 40 50 50
9 70 80 30 80 80
8 70 60 50 50 60
3 60 30 80 30 70
5 60 30 50 50 60
7 30 70 80 70 60
7 70 80 60 80 80
6 60 70 60 80 40
6 30 50 60 70 80
2 60 80 30 60 30
4 60 70 30 70 80
1 40 50 30 60 60
10 50 30 40 30 60
10 70 60 70 70 80
3 50 50 50 60 50
3 80 70 70 30 80
2 30 40 60 30 70
9 40 50 80 80 30
7 30 50 70 70 30
5 30 60 30 70 30
7 40 80 30 60 70
8 30 40 70 40 60
8 40 60 80 40 50
5 80 50 40 40 80
8 50 40 30 40 30
10 70 60 60 70 80
6 70 70 80 30 70
7 50 50 30 60 80
3 70 40 50 30 70
2 40 40 60 40 80
9 60 80 80 60 60
6 50 30 50 60 70
10 50 60 70 40 70
3 60 30 70 30 70
4 40 80 40 30 80
2 80 30 50 50 70
7 30 40 40 50 50
2 30 60 40 50 50
4 70 50 70 50 80
8 30 80 60 30 30
3 70 40 80 30 40
2 30 40 40 70 30
5 30 80 60 40 30
3 80 30 40 40 40
4 60 70 40 40 50
4 80 60 40 50 40
3 80 80 40 70 60
3 60 30 60 40 80
6 50 30 40 80 40
4 80 60 60 80 60
5 80 80 80 50 60
1 40 70 60 40 60
8 60 60 80 60 40
1 80 40 60 70 30
5 60 80 60 80 30
4 60 80 80 30 60
5 40 80 70 40 30
8 70 30 80 80 60
6 40 60 40 60 30
9 50 30 50 70 80
7 30 30 60 30 70
3 50 40 40 70 70
1 40 40 40 80 70
4 60 80 50 40 40
6 30 60 60 80 30
7 40 80 40 80 60
3 30 50 30 70 60
7 40 80 50 50 60
7 60 40 30 40 50
7 80 60 80 80 80
5 30 80 80 80 30
7 40 80 30 60 40
9 60 40 50 70 60
4 50 60 30 60 50
7 60 80 60 80 50
5 30 30 30 60 80
4 30 50 70 50 70
6 60 60 30 60 50
6 60 70 80 30 70
4 30 40 80 30 30
2 40 40 40 40 80
4 80 80 60 70 80
1 40 70 40 30 60
1 60 60 80 30 40
7 60 70 80 80 40
3 30 70 60 50 70
4 50 70 70 50 60
8 50 60 80 30 80
4 60 40 40 30 40
9 50 40 60 80 80
7 30 30 30 40 80
5 30 50 40 30 60
5 60 60 60 80 30
3 60 40 80 80 50
9 40 80 50 50 70
7 50 50 70 70 80
10 40 50 30 40 50
7 80 30 30 30 30
6 50 40 70 50 60
6 50 40 70 50 60
6 50 40 70 50 60
9 40 80 50 50 70
7 50 50 70 70 80
10 40 50 30 40 50
7 80 30 30 30 30
6 50 40 70 50 60
6 50 40 70 50 60
6 50 40 70 50 60