408 804
2 11
1 3 12
2 4 13
3 5 14
4 6 15
5 7 16
6 8 17
7 9 18
8 10 19
9 20 401
1 12 21
2 11 13 22
3 12 14 23
4 13 15 24
5 14 16 25
6 15 17 26
7 16 18 27
8 17 19 28
9 18 20 29
10 19 30 401
11 22 31
12 21 23 32
13 22 24 33
14 23 25 34
15 24 26 35
16 25 27 36
17 26 28 37
18 27 29 38
19 28 30 39
20 29 40 401
21 32 41
22 31 33 42
23 32 34 43
24 33 35 44
25 34 36 45
26 35 37 46
27 36 38 47
28 37 39 48
29 38 40 49
30 39 50 401
31 42 51
32 41 43 52
33 42 44 53
34 43 45 54
35 44 46 55
36 45 47 56
37 46 48 57
38 47 49 58
39 48 50 59
40 49 60 401
41 52 61
42 51 53 62
43 52 54 63
44 53 55 64
45 54 56 65
46 55 57 66
47 56 58 67
48 57 59 68
49 58 60 69
50 59 70 401
51 62 71
52 61 63 72
53 62 64 73
54 63 65 74
55 64 66 75
56 65 67 76
57 66 68 77
58 67 69 78
59 68 70 79
60 69 80 401
61 72 81
62 71 73 82
63 72 74 83
64 73 75 84
65 74 76 85
66 75 77 86
67 76 78 87
68 77 79 88
69 78 80 89
70 79 90 401
71 82 91
72 81 83 92
73 82 84 93
74 83 85 94
75 84 86 95
76 85 87 96
77 86 88 97
78 87 89 98
79 88 90 99
80 89 100 401
81 92 403
82 91 93 403
83 92 94 403
84 93 95 403
85 94 96 403
86 95 97 403
87 96 98 403
88 97 99 403
89 98 100 403
90 99 401 403
102 111 402
101 103 112
102 104 113
103 105 114
104 106 115
105 107 116
106 108 117
107 109 118
108 110 119
109 120
101 112 121 402
102 111 113 122
103 112 114 123
104 113 115 124
105 114 116 125
106 115 117 126
107 116 118 127
108 117 119 128
109 118 120 129
110 119 130
111 122 131 402
112 121 123 132
113 122 124 133
114 123 125 134
115 124 126 135
116 125 127 136
117 126 128 137
118 127 129 138
119 128 130 139
120 129 140
121 132 141 402
122 131 133 142
123 132 134 143
124 133 135 144
125 134 136 145
126 135 137 146
127 136 138 147
128 137 139 148
129 138 140 149
130 139 150
131 142 151 402
132 141 143 152
133 142 144 153
134 143 145 154
135 144 146 155
136 145 147 156
137 146 148 157
138 147 149 158
139 148 150 159
140 149 160
141 152 161 402
142 151 153 162
143 152 154 163
144 153 155 164
145 154 156 165
146 155 157 166
147 156 158 167
148 157 159 168
149 158 160 169
150 159 170
151 162 171 402
152 161 163 172
153 162 164 173
154 163 165 174
155 164 166 175
156 165 167 176
157 166 168 177
158 167 169 178
159 168 170 179
160 169 180
161 172 181 402
162 171 173 182
163 172 174 183
164 173 175 184
165 174 176 185
166 175 177 186
167 176 178 187
168 177 179 188
169 178 180 189
170 179 190
171 182 191 402
172 181 183 192
173 182 184 193
174 183 185 194
175 184 186 195
176 185 187 196
177 186 188 197
178 187 189 198
179 188 190 199
180 189 200
181 192 402 404
182 191 193 404
183 192 194 404
184 193 195 404
185 194 196 404
186 195 197 404
187 196 198 404
188 197 199 404
189 198 200 404
190 199 404
202 211 405
201 203 212 405
202 204 213 405
203 205 214 405
204 206 215 405
205 207 216 405
206 208 217 405
207 209 218 405
208 210 219 405
209 220 405 407
201 212 221
202 211 213 222
203 212 214 223
204 213 215 224
205 214 216 225
206 215 217 226
207 216 218 227
208 217 219 228
209 218 220 229
210 219 230 407
211 222 231
212 221 223 232
213 222 224 233
214 223 225 234
215 224 226 235
216 225 227 236
217 226 228 237
218 227 229 238
219 228 230 239
220 229 240 407
221 232 241
222 231 233 242
223 232 234 243
224 233 235 244
225 234 236 245
226 235 237 246
227 236 238 247
228 237 239 248
229 238 240 249
230 239 250 407
231 242 251
232 241 243 252
233 242 244 253
234 243 245 254
235 244 246 255
236 245 247 256
237 246 248 257
238 247 249 258
239 248 250 259
240 249 260 407
241 252 261
242 251 253 262
243 252 254 263
244 253 255 264
245 254 256 265
246 255 257 266
247 256 258 267
248 257 259 268
249 258 260 269
250 259 270 407
251 262 271
252 261 263 272
253 262 264 273
254 263 265 274
255 264 266 275
256 265 267 276
257 266 268 277
258 267 269 278
259 268 270 279
260 269 280 407
261 272 281
262 271 273 282
263 272 274 283
264 273 275 284
265 274 276 285
266 275 277 286
267 276 278 287
268 277 279 288
269 278 280 289
270 279 290 407
271 282 291
272 281 283 292
273 282 284 293
274 283 285 294
275 284 286 295
276 285 287 296
277 286 288 297
278 287 289 298
279 288 290 299
280 289 300 407
281 292
282 291 293
283 292 294
284 293 295
285 294 296
286 295 297
287 296 298
288 297 299
289 298 300
290 299 407
302 311 406 408
301 303 312 406
302 304 313 406
303 305 314 406
304 306 315 406
305 307 316 406
306 308 317 406
307 309 318 406
308 310 319 406
309 320 406
301 312 321 408
302 311 313 322
303 312 314 323
304 313 315 324
305 314 316 325
306 315 317 326
307 316 318 327
308 317 319 328
309 318 320 329
310 319 330
311 322 331 408
312 321 323 332
313 322 324 333
314 323 325 334
315 324 326 335
316 325 327 336
317 326 328 337
318 327 329 338
319 328 330 339
320 329 340
321 332 341 408
322 331 333 342
323 332 334 343
324 333 335 344
325 334 336 345
326 335 337 346
327 336 338 347
328 337 339 348
329 338 340 349
330 339 350
331 342 351 408
332 341 343 352
333 342 344 353
334 343 345 354
335 344 346 355
336 345 347 356
337 346 348 357
338 347 349 358
339 348 350 359
340 349 360
341 352 361 408
342 351 353 362
343 352 354 363
344 353 355 364
345 354 356 365
346 355 357 366
347 356 358 367
348 357 359 368
349 358 360 369
350 359 370
351 362 371 408
352 361 363 372
353 362 364 373
354 363 365 374
355 364 366 375
356 365 367 376
357 366 368 377
358 367 369 378
359 368 370 379
360 369 380
361 372 381 408
362 371 373 382
363 372 374 383
364 373 375 384
365 374 376 385
366 375 377 386
367 376 378 387
368 377 379 388
369 378 380 389
370 379 390
371 382 391 408
372 381 383 392
373 382 384 393
374 383 385 394
375 384 386 395
376 385 387 396
377 386 388 397
378 387 389 398
379 388 390 399
380 389 400
381 392 408
382 391 393
383 392 394
384 393 395
385 394 396
386 395 397
387 396 398
388 397 399
389 398 400
390 399
10 20 30 40 50 60 70 80 90 100 402
101 111 121 131 141 151 161 171 181 191 401
91 92 93 94 95 96 97 98 99 100 405
191 192 193 194 195 196 197 198 199 200 406
201 202 203 204 205 206 207 208 209 210 403
301 302 303 304 305 306 307 308 309 310 404
210 220 230 240 250 260 270 280 290 300 408
301 311 321 331 341 351 361 371 381 391 407
