108 200
2 6
1 3 7
2 4 8
3 5 9
4 10 101
1 7 11
2 6 8 12
3 7 9 13
4 8 10 14
5 9 15 101
6 12 16
7 11 13 17
8 12 14 18
9 13 15 19
10 14 20 101
11 17 21
12 16 18 22
13 17 19 23
14 18 20 24
15 19 25 101
16 22 103
17 21 23 103
18 22 24 103
19 23 25 103
20 24 101 103
27 31 102
26 28 32
27 29 33
28 30 34
29 35
26 32 36 102
27 31 33 37
28 32 34 38
29 33 35 39
30 34 40
31 37 41 102
32 36 38 42
33 37 39 43
34 38 40 44
35 39 45
36 42 46 102
37 41 43 47
38 42 44 48
39 43 45 49
40 44 50
41 47 102 104
42 46 48 104
43 47 49 104
44 48 50 104
45 49 104
52 56 105
51 53 57 105
52 54 58 105
53 55 59 105
54 60 105 107
51 57 61
52 56 58 62
53 57 59 63
54 58 60 64
55 59 65 107
56 62 66
57 61 63 67
58 62 64 68
59 63 65 69
60 64 70 107
61 67 71
62 66 68 72
63 67 69 73
64 68 70 74
65 69 75 107
66 72
67 71 73
68 72 74
69 73 75
70 74 107
77 81 106 108
76 78 82 106
77 79 83 106
78 80 84 106
79 85 106
76 82 86 108
77 81 83 87
78 82 84 88
79 83 85 89
80 84 90
81 87 91 108
82 86 88 92
83 87 89 93
84 88 90 94
85 89 95
86 92 96 108
87 91 93 97
88 92 94 98
89 93 95 99
90 94 100
91 97 108
92 96 98
93 97 99
94 98 100
95 99
5 10 15 20 25 102
26 31 36 41 46 101
21 22 23 24 25 105
46 47 48 49 50 106
51 52 53 54 55 103
76 77 78 79 80 104
55 60 65 70 75 108
76 81 86 91 96 107
